712943685
385762419
694815327
239476851
876351294
541298736
127639548
458127963
963584172
712943685
385762419
694815327
239476851
876351294
541298736
127639548
458127963
963584172
712943685
385762419
694815327
239476851
876351294
541298736
127639548
458127963
963584172
712943685
385762419
694815327
239476851
876351294
541298736
127639548
458127963
963584172
712943685
385762419
694815327
239476851
876351294
541298736
127639548
458127963
963584172
712943685
385762419
694815327
239476851
876351294
541298736
127639548
458127963
963584172
712943685
385762419
694815327
239476851
876351294
541298736
127639548
458127963
963584172
712943685
385762419
694815327
239476851
876351294
541298736
127639548
458127963
963584172
712943685
385762419
694815327
239476851
876351294
541298736
127639548
458127963
963584172
712943685
385762419
694815327
239476851
876351294
541298736
127639548
458127963
963584172
712943685
385762419
694815327
239476851
876351294
541298736
127639548
458127963
963584172
712943685
385762419
694815327
239476851
876351294
541298736
127639548
458127963
963584172
712943685
385762419
694815327
239476851
876351294
541298736
127639548
458127963
963584172
712943685
385762419
694815327
239476851
876351294
541298736
127639548
458127963
963584172
712943685
385762419
694815327
239476851
876351294
541298736
127639548
458127963
963584172
712943685
385762419
694815327
239476851
876351294
541298736
127639548
458127963
963584172
712943685
385762419
694815327
239476851
876351294
541298736
127639548
458127963
963584172
712943685
385762419
694815327
239476851
876351294
541298736
127639548
458127963
963584172
712943685
385762419
694815327
239476851
876351294
541298736
127639548
458127963
963584172
712943685
385762419
694815327
239476851
876351294
541298736
127639548
458127963
963584172
712943685
385762419
694815327
239476851
876351294
541298736
127639548
458127963
963584172
712943685
385762419
694815327
239476851
876351294
541298736
127639548
458127963
963584172
712943685
385762419
694815327
239476851
876351294
541298736
127639548
458127963
963584172
712943685
385762419
694815327
239476851
876351294
541298736
127639548
458127963
963584172
712943685
385762419
694815327
239476851
876351294
541298736
127639548
458127963
963584172
712943685
385762419
694815327
239476851
876351294
541298736
127639548
458127963
963584172
712943685
385762419
694815327
239476851
876351294
541298736
127639548
458127963
963584172
712943685
385762419
694815327
239476851
876351294
541298736
127639548
458127963
963584172
712943685
385762419
694815327
239476851
876351294
541298736
127639548
458127963
963584172
712943685
385762419
694815327
239476851
876351294
541298736
127639548
458127963
963584172
712943685
385762419
694815327
239476851
876351294
541298736
127639548
458127963
963584172
712943685
385762419
694815327
239476851
876351294
541298736
127639548
458127963
963584172
712943685
385762419
694815327
239476851
876351294
541298736
127639548
458127963
963584172
712943685
385762419
694815327
239476851
876351294
541298736
127639548
458127963
963584172
712943685
385762419
694815327
239476851
876351294
541298736
127639548
458127963
963584172
