165798423
492563817
387214956
946352178
873641592
251879364
538926741
619437285
724185639
165798423
492563817
387214956
946352178
873641592
251879364
538926741
619437285
724185639
165798423
492563817
387214956
946352178
873641592
251879364
538926741
619437285
724185639
165798423
492563817
387214956
946352178
873641592
251879364
538926741
619437285
724185639
165798423
492563817
387214956
946352178
873641592
251879364
538926741
619437285
724185639
165798423
492563817
387214956
946352178
873641592
251879364
538926741
619437285
724185639
165798423
492563817
387214956
946352178
873641592
251879364
538926741
619437285
724185639
165798423
492563817
387214956
946352178
873641592
251879364
538926741
619437285
724185639
165798423
492563817
387214956
946352178
873641592
251879364
538926741
619437285
724185639
165798423
492563817
387214956
946352178
873641592
251879364
538926741
619437285
724185639
165798423
492563817
387214956
946352178
873641592
251879364
538926741
619437285
724185639
165798423
492563817
387214956
946352178
873641592
251879364
538926741
619437285
724185639
165798423
492563817
387214956
946352178
873641592
251879364
538926741
619437285
724185639
165798423
492563817
387214956
946352178
873641592
251879364
538926741
619437285
724185639
165798423
492563817
387214956
946352178
873641592
251879364
538926741
619437285
724185639
165798423
492563817
387214956
946352178
873641592
251879364
538926741
619437285
724185639
165798423
492563817
387214956
946352178
873641592
251879364
538926741
619437285
724185639
165798423
492563817
387214956
946352178
873641592
251879364
538926741
619437285
724185639
165798423
492563817
387214956
946352178
873641592
251879364
538926741
619437285
724185639
165798423
492563817
387214956
946352178
873641592
251879364
538926741
619437285
724185639
165798423
492563817
387214956
946352178
873641592
251879364
538926741
619437285
724185639
165798423
492563817
387214956
946352178
873641592
251879364
538926741
619437285
724185639
165798423
492563817
387214956
946352178
873641592
251879364
538926741
619437285
724185639
165798423
492563817
387214956
946352178
873641592
251879364
538926741
619437285
724185639
165798423
492563817
387214956
946352178
873641592
251879364
538926741
619437285
724185639
165798423
492563817
387214956
946352178
873641592
251879364
538926741
619437285
724185639
165798423
492563817
387214956
946352178
873641592
251879364
538926741
619437285
724185639
165798423
492563817
387214956
946352178
873641592
251879364
538926741
619437285
724185639
165798423
492563817
387214956
946352178
873641592
251879364
538926741
619437285
724185639
165798423
492563817
387214956
946352178
873641592
251879364
538926741
619437285
724185639
165798423
492563817
387214956
946352178
873641592
251879364
538926741
619437285
724185639
165798423
492563817
387214956
946352178
873641592
251879364
538926741
619437285
724185639
165798423
492563817
387214956
946352178
873641592
251879364
538926741
619437285
724185639
165798423
492563817
387214956
946352178
873641592
251879364
538926741
619437285
724185639
165798423
492563817
387214956
946352178
873641592
251879364
538926741
619437285
724185639
