148935762
963127854
572468139
351872946
684519327
729346581
216783495
435291678
897654213
148935762
963127854
572468139
351872946
684519327
729346581
216783495
435291678
897654213
148935762
963127854
572468139
351872946
684519327
729346581
216783495
435291678
897654213
148935762
963127854
572468139
351872946
684519327
729346581
216783495
435291678
897654213
148935762
963127854
572468139
351872946
684519327
729346581
216783495
435291678
897654213
148935762
963127854
572468139
351872946
684519327
729346581
216783495
435291678
897654213
148935762
963127854
572468139
351872946
684519327
729346581
216783495
435291678
897654213
148935762
963127854
572468139
351872946
684519327
729346581
216783495
435291678
897654213
148935762
963127854
572468139
351872946
684519327
729346581
216783495
435291678
897654213
148935762
963127854
572468139
351872946
684519327
729346581
216783495
435291678
897654213
148935762
963127854
572468139
351872946
684519327
729346581
216783495
435291678
897654213
148935762
963127854
572468139
351872946
684519327
729346581
216783495
435291678
897654213
148935762
963127854
572468139
351872946
684519327
729346581
216783495
435291678
897654213
148935762
963127854
572468139
351872946
684519327
729346581
216783495
435291678
897654213
148935762
963127854
572468139
351872946
684519327
729346581
216783495
435291678
897654213
148935762
963127854
572468139
351872946
684519327
729346581
216783495
435291678
897654213
148935762
963127854
572468139
351872946
684519327
729346581
216783495
435291678
897654213
148935762
963127854
572468139
351872946
684519327
729346581
216783495
435291678
897654213
148935762
963127854
572468139
351872946
684519327
729346581
216783495
435291678
897654213
148935762
963127854
572468139
351872946
684519327
729346581
216783495
435291678
897654213
148935762
963127854
572468139
351872946
684519327
729346581
216783495
435291678
897654213
148935762
963127854
572468139
351872946
684519327
729346581
216783495
435291678
897654213
148935762
963127854
572468139
351872946
684519327
729346581
216783495
435291678
897654213
148935762
963127854
572468139
351872946
684519327
729346581
216783495
435291678
897654213
148935762
963127854
572468139
351872946
684519327
729346581
216783495
435291678
897654213
148935762
963127854
572468139
351872946
684519327
729346581
216783495
435291678
897654213
148935762
963127854
572468139
351872946
684519327
729346581
216783495
435291678
897654213
148935762
963127854
572468139
351872946
684519327
729346581
216783495
435291678
897654213
148935762
963127854
572468139
351872946
684519327
729346581
216783495
435291678
897654213
148935762
963127854
572468139
351872946
684519327
729346581
216783495
435291678
897654213
148935762
963127854
572468139
351872946
684519327
729346581
216783495
435291678
897654213
148935762
963127854
572468139
351872946
684519327
729346581
216783495
435291678
897654213
148935762
963127854
572468139
351872946
684519327
729346581
216783495
435291678
897654213
148935762
963127854
572468139
351872946
684519327
729346581
216783495
435291678
897654213
148935762
963127854
572468139
351872946
684519327
729346581
216783495
435291678
897654213
