739648125
148752639
562391748
973586412
251439867
486127593
695813274
314275986
827964351
739648125
148752639
562391748
973586412
251439867
486127593
695813274
314275986
827964351
739648125
148752639
562391748
973586412
251439867
486127593
695813274
314275986
827964351
739648125
148752639
562391748
973586412
251439867
486127593
695813274
314275986
827964351
739648125
148752639
562391748
973586412
251439867
486127593
695813274
314275986
827964351
739648125
148752639
562391748
973586412
251439867
486127593
695813274
314275986
827964351
739648125
148752639
562391748
973586412
251439867
486127593
695813274
314275986
827964351
739648125
148752639
562391748
973586412
251439867
486127593
695813274
314275986
827964351
739648125
148752639
562391748
973586412
251439867
486127593
695813274
314275986
827964351
739648125
148752639
562391748
973586412
251439867
486127593
695813274
314275986
827964351
739648125
148752639
562391748
973586412
251439867
486127593
695813274
314275986
827964351
739648125
148752639
562391748
973586412
251439867
486127593
695813274
314275986
827964351
739648125
148752639
562391748
973586412
251439867
486127593
695813274
314275986
827964351
739648125
148752639
562391748
973586412
251439867
486127593
695813274
314275986
827964351
739648125
148752639
562391748
973586412
251439867
486127593
695813274
314275986
827964351
739648125
148752639
562391748
973586412
251439867
486127593
695813274
314275986
827964351
739648125
148752639
562391748
973586412
251439867
486127593
695813274
314275986
827964351
739648125
148752639
562391748
973586412
251439867
486127593
695813274
314275986
827964351
739648125
148752639
562391748
973586412
251439867
486127593
695813274
314275986
827964351
739648125
148752639
562391748
973586412
251439867
486127593
695813274
314275986
827964351
739648125
148752639
562391748
973586412
251439867
486127593
695813274
314275986
827964351
739648125
148752639
562391748
973586412
251439867
486127593
695813274
314275986
827964351
739648125
148752639
562391748
973586412
251439867
486127593
695813274
314275986
827964351
739648125
148752639
562391748
973586412
251439867
486127593
695813274
314275986
827964351
739648125
148752639
562391748
973586412
251439867
486127593
695813274
314275986
827964351
739648125
148752639
562391748
973586412
251439867
486127593
695813274
314275986
827964351
739648125
148752639
562391748
973586412
251439867
486127593
695813274
314275986
827964351
739648125
148752639
562391748
973586412
251439867
486127593
695813274
314275986
827964351
739648125
148752639
562391748
973586412
251439867
486127593
695813274
314275986
827964351
739648125
148752639
562391748
973586412
251439867
486127593
695813274
314275986
827964351
739648125
148752639
562391748
973586412
251439867
486127593
695813274
314275986
827964351
739648125
148752639
562391748
973586412
251439867
486127593
695813274
314275986
827964351
739648125
148752639
562391748
973586412
251439867
486127593
695813274
314275986
827964351
739648125
148752639
562391748
973586412
251439867
486127593
695813274
314275986
827964351
739648125
148752639
562391748
973586412
251439867
486127593
695813274
314275986
827964351
