918536427
623749158
547128963
396451782
251387649
874692315
185974236
439265871
762813594
918536427
623749158
547128963
396451782
251387649
874692315
185974236
439265871
762813594
918536427
623749158
547128963
396451782
251387649
874692315
185974236
439265871
762813594
918536427
623749158
547128963
396451782
251387649
874692315
185974236
439265871
762813594
918536427
623749158
547128963
396451782
251387649
874692315
185974236
439265871
762813594
918536427
623749158
547128963
396451782
251387649
874692315
185974236
439265871
762813594
918536427
623749158
547128963
396451782
251387649
874692315
185974236
439265871
762813594
918536427
623749158
547128963
396451782
251387649
874692315
185974236
439265871
762813594
918536427
623749158
547128963
396451782
251387649
874692315
185974236
439265871
762813594
918536427
623749158
547128963
396451782
251387649
874692315
185974236
439265871
762813594
918536427
623749158
547128963
396451782
251387649
874692315
185974236
439265871
762813594
918536427
623749158
547128963
396451782
251387649
874692315
185974236
439265871
762813594
918536427
623749158
547128963
396451782
251387649
874692315
185974236
439265871
762813594
918536427
623749158
547128963
396451782
251387649
874692315
185974236
439265871
762813594
918536427
623749158
547128963
396451782
251387649
874692315
185974236
439265871
762813594
918536427
623749158
547128963
396451782
251387649
874692315
185974236
439265871
762813594
918536427
623749158
547128963
396451782
251387649
874692315
185974236
439265871
762813594
918536427
623749158
547128963
396451782
251387649
874692315
185974236
439265871
762813594
918536427
623749158
547128963
396451782
251387649
874692315
185974236
439265871
762813594
918536427
623749158
547128963
396451782
251387649
874692315
185974236
439265871
762813594
918536427
623749158
547128963
396451782
251387649
874692315
185974236
439265871
762813594
918536427
623749158
547128963
396451782
251387649
874692315
185974236
439265871
762813594
918536427
623749158
547128963
396451782
251387649
874692315
185974236
439265871
762813594
918536427
623749158
547128963
396451782
251387649
874692315
185974236
439265871
762813594
918536427
623749158
547128963
396451782
251387649
874692315
185974236
439265871
762813594
918536427
623749158
547128963
396451782
251387649
874692315
185974236
439265871
762813594
918536427
623749158
547128963
396451782
251387649
874692315
185974236
439265871
762813594
918536427
623749158
547128963
396451782
251387649
874692315
185974236
439265871
762813594
918536427
623749158
547128963
396451782
251387649
874692315
185974236
439265871
762813594
918536427
623749158
547128963
396451782
251387649
874692315
185974236
439265871
762813594
918536427
623749158
547128963
396451782
251387649
874692315
185974236
439265871
762813594
918536427
623749158
547128963
396451782
251387649
874692315
185974236
439265871
762813594
918536427
623749158
547128963
396451782
251387649
874692315
185974236
439265871
762813594
918536427
623749158
547128963
396451782
251387649
874692315
185974236
439265871
762813594
918536427
623749158
547128963
396451782
251387649
874692315
185974236
439265871
762813594
